Sequence,BS,EC,PA,SA,G+,G-,Classification
KLFKRLKLLFRWW,4.0,1.2590428590774536,0.6552032828330994,4.0,4.0,0.9571230709552765,Anti-G-
AKKLVKKILKFWW,4.0,0.9747482538223268,1.2315858602523804,4.0,4.0,1.1031670570373535,Anti-G-
QKKLARLIYKRFW,4.0,1.6273270845413208,0.9654377102851868,4.0,4.0,1.2963823974132538,Anti-G-
KRGRKLVGRYGIL,4.0,1.223680019378662,1.18466055393219,4.0,4.0,1.204170286655426,Anti-G-
KKIKKWAVMYKAY,4.0,1.036189079284668,1.3999923467636108,4.0,4.0,1.2180907130241394,Anti-G-
LAKKYARWVVRYA,4.0,1.3770161867141724,1.213471531867981,4.0,4.0,1.2952438592910767,Anti-G-
KKVSARIKKFLGF,4.0,1.0519726276397705,1.268023133277893,4.0,4.0,1.1599978804588318,Anti-G-
KSLSAKLRKFILR,4.0,1.2529277801513672,1.1411632299423218,4.0,4.0,1.1970455050468445,Anti-G-
KKAIKAAWKRYLF,4.0,1.111763596534729,1.140317678451538,4.0,4.0,1.1260406374931335,Anti-G-
VSLTRKAARWWKK,4.0,1.374465823173523,1.1786848306655884,4.0,4.0,1.2765753269195557,Anti-G-
RKVKAAYKRYFYI,4.0,1.5994468927383425,0.9779506921768188,4.0,4.0,1.2886987924575806,Anti-G-
KKKQAITVKWKFA,4.0,0.9852747917175292,1.6046185493469238,4.0,4.0,1.2949466705322266,Anti-G-
YKKALKGLGKKLF,4.0,0.995618462562561,1.5764859914779663,4.0,4.0,1.2860522270202637,Anti-G-
KRVGSKLVVRVTL,4.0,0.7544307708740234,1.6565217971801758,4.0,4.0,1.2054762840270996,Anti-G-
RKYGKLAMKRWVY,4.0,0.9825930595397948,1.549911618232727,4.0,4.0,1.266252338886261,Anti-G-
AKKYKMKVLKFFW,4.0,1.0320430994033811,1.2500412464141846,4.0,4.0,1.141042172908783,Anti-G-
ARKFRMKWAVFMK,4.0,1.2058892250061035,1.3768028020858765,4.0,4.0,1.29134601354599,Anti-G-
KFRKQKLVVRTVF,4.0,1.3128361701965332,1.199795842170715,4.0,4.0,1.2563160061836243,Anti-G-
QRIRSAIKASLTI,4.0,1.382332444190979,1.1100071668624878,4.0,4.0,1.2461698055267334,Anti-G-
IKKKFKVLAKFVY,4.0,1.5155938863754272,1.0689367055892944,4.0,4.0,1.2922652959823608,Anti-G-
KGIKLKIKLNATR,4.0,0.901196837425232,1.5167855024337769,4.0,4.0,1.2089911699295044,Anti-G-
VRMKYKRWYRVAV,4.0,1.4883720874786377,0.9631264805793762,4.0,4.0,1.225749284029007,Anti-G-
KKVKLKFFKAYYM,4.0,1.329211950302124,1.198614239692688,4.0,4.0,1.263913094997406,Anti-G-
ASIRKWVKRFVAR,4.0,1.5158766508102417,1.0231388807296753,4.0,4.0,1.2695077657699585,Anti-G-
AGKGIRGILKRWI,4.0,1.1379140615463257,1.377487301826477,4.0,4.0,1.2577006816864014,Anti-G-
KRLKAFVVAKYFR,4.0,1.3199108839035034,1.044640064239502,4.0,4.0,1.1822754740715027,Anti-G-
TRLVRAVYIKFRR,4.0,1.1171873807907104,1.2518898248672483,4.0,4.0,1.1845386028289795,Anti-G-
RRLSRKIKQGIVF,4.0,1.4952232837677002,1.0489954948425293,4.0,4.0,1.2721093893051147,Anti-G-
TRKVKGLVKRVFT,4.0,1.2169245481491089,0.8162556290626526,4.0,4.0,1.0165900886058807,Anti-G-
RNVKLLKLAQLRF,4.0,1.0715607404708862,1.4991447925567627,4.0,4.0,1.2853527665138245,Anti-G-
RNGKLKLLAVVQL,4.0,1.3877415657043457,1.1692386865615845,4.0,4.0,1.278490126132965,Anti-G-
KKIVWRAAYRYTK,4.0,1.1375082731246948,1.3503708839416504,4.0,4.0,1.2439395785331726,Anti-G-
RLTKVFARMQVFK,4.0,1.238134503364563,1.1652920246124268,4.0,4.0,1.2017132639884949,Anti-G-
RKVTKKWVVKLYG,4.0,1.189763426780701,0.7986811995506287,4.0,4.0,0.9942223131656648,Anti-G-
QRRKVSRVLGVFK,4.0,1.2756565809249878,1.2678420543670654,4.0,4.0,1.2717493176460266,Anti-G-
KKQKFAAAVRMFF,4.0,1.3251911401748655,1.2408641576766968,4.0,4.0,1.2830276489257812,Anti-G-
QRVKTVVYRVGRR,4.0,1.1870585680007937,1.3999662399291992,4.0,4.0,1.2935124039649963,Anti-G-
KAWIKGLVKKYYK,4.0,1.0909048318862915,1.330089807510376,4.0,4.0,1.2104973196983337,Anti-G-
RLVALKLSLRFTT,4.0,1.3184772729873655,1.0443495512008667,4.0,4.0,1.1814134120941162,Anti-G-
VKKAWAKYKKLFW,4.0,0.7077158689498901,1.2409404516220093,4.0,4.0,0.9743281602859497,Anti-G-
RGVVRKVQKAFGR,4.0,1.4381247758865356,1.1269577741622925,4.0,4.0,1.282541275024414,Anti-G-
RSIKIKVSVQRLQ,4.0,0.9238177537918092,1.4969687461853027,4.0,4.0,1.210393249988556,Anti-G-
RRKKYKVTLTLVV,4.0,0.8074636459350586,0.946753203868866,4.0,4.0,0.8771084249019623,Anti-G-
KRLTKYVGLRIFA,4.0,0.9474194049835204,1.4541889429092407,4.0,4.0,1.2008041739463806,Anti-G-
KRVVKLKVKYYNV,4.0,0.8973144292831421,1.3927984237670898,4.0,4.0,1.145056426525116,Anti-G-
SRIKKAVRFLLYS,4.0,1.6863311529159546,0.8815873265266418,4.0,4.0,1.2839592397212982,Anti-G-
KRLAKMFKLKLFY,4.0,1.239803671836853,0.9494745135307312,4.0,4.0,1.0946390926837921,Anti-G-
KKLKIKLVGFNRF,4.0,1.0708502531051636,1.3458141088485718,4.0,4.0,1.2083321809768677,Anti-G-
RKAYKAWVRAYFK,4.0,1.1606695652008057,1.175705075263977,4.0,4.0,1.1681873202323914,Anti-G-
RSVKRTIKGVFRL,4.0,1.467333436012268,1.1263538599014282,4.0,4.0,1.2968436479568481,Anti-G-
VRVRIKYAKFLRF,4.0,1.1582422256469729,1.3301448822021484,4.0,4.0,1.2441935539245605,Anti-G-
KKKAVKFTLLFVK,4.0,1.0128110647201538,1.58207905292511,4.0,4.0,1.2974450588226318,Anti-G-
KQVVAFRAVKVYF,4.0,1.0613843202590942,1.490048050880432,4.0,4.0,1.2757161855697632,Anti-G-
KSKRYFKAVKVLI,4.0,0.8494244813919067,1.626509666442871,4.0,4.0,1.237967073917389,Anti-G-
YKKLATKWVKLFK,4.0,1.0104553699493408,1.3960388898849487,4.0,4.0,1.2032471299171448,Anti-G-
KKYKAILAKKFFL,4.0,1.0449656248092651,1.3068242073059082,4.0,4.0,1.1758949160575867,Anti-G-
AKLLAKKWKWRVF,4.0,1.0118427276611328,1.4631524085998535,4.0,4.0,1.2374975681304932,Anti-G-
KKLSLKFRLIAGK,4.0,0.7527847290039062,1.7172731161117554,4.0,4.0,1.2350289225578308,Anti-G-
LRKYVYKVARRVF,4.0,1.46217942237854,1.1036189794540403,4.0,4.0,1.2828992009162903,Anti-G-
KKKVSKLLLKFWG,4.0,0.9459736347198486,1.2162892818450928,4.0,4.0,1.0811314582824707,Anti-G-
RKRVKFKYSVVAL,4.0,0.9409473538398744,1.352550745010376,4.0,4.0,1.1467490494251251,Anti-G-
RRATKYFYIKVKA,4.0,0.776263415813446,1.7734066247940063,4.0,4.0,1.2748350203037262,Anti-G-
QRKIVLRLSVTRS,4.0,0.9811254739761353,1.095473051071167,4.0,4.0,1.0382992625236511,Anti-G-
RKVKLVLKTSKFV,4.0,1.047888159751892,1.5089167356491089,4.0,4.0,1.2784024477005005,Anti-G-
KGIKVLYLSKFKL,4.0,0.9018823504447936,1.6929407119750977,4.0,4.0,1.2974115312099457,Anti-G-
AKRITKIAKRLFF,4.0,1.0906866788864136,1.4928371906280518,4.0,4.0,1.2917619347572327,Anti-G-
RTNRKLLIRAKLF,4.0,0.9890132546424866,1.2519012689590454,4.0,4.0,1.120457261800766,Anti-G-
KKLKIQLLLGVTN,4.0,1.0079843997955322,1.5581610202789309,4.0,4.0,1.2830727100372314,Anti-G-
AKKALLKFKVFLF,4.0,1.129755616188049,1.428491711616516,4.0,4.0,1.2791236639022825,Anti-G-
KVAKKLIKKLFWY,4.0,1.2091466188430786,1.135928511619568,4.0,4.0,1.1725375652313232,Anti-G-
RKLAKVKAFRFWV,4.0,1.285801887512207,1.2479978799819946,4.0,4.0,1.2668998837471008,Anti-G-
KSLVKKATIKLFI,4.0,0.9566164016723632,1.5697474479675293,4.0,4.0,1.2631819248199463,Anti-G-
TGIVGRIKKGVLR,4.0,1.4088308811187744,0.9640066623687744,4.0,4.0,1.1864187717437744,Anti-G-
KKIKAKAARAFWF,4.0,1.1753419637680054,1.1498321294784546,4.0,4.0,1.16258704662323,Anti-G-
RKAKYIVLRSFRW,4.0,0.6995981335639954,1.6073249578475952,4.0,4.0,1.1534615457057953,Anti-G-
AKKKWYKIAKIFY,4.0,0.9700623750686646,1.5807456970214844,4.0,4.0,1.2754040360450745,Anti-G-
IRMTQKLRAVITY,4.0,1.2091264724731443,1.1360052824020386,4.0,4.0,1.1725658774375916,Anti-G-
KGQAAWIKRIYRR,4.0,1.1229023933410645,0.9802792072296144,4.0,4.0,1.0515908002853394,Anti-G-
LLKKAALKFRRFF,4.0,1.1206241846084597,1.2584511041641235,4.0,4.0,1.1895376443862915,Anti-G-
KRTIKALFKGYIL,4.0,1.2574429512023926,1.0275295972824097,4.0,4.0,1.1424862742424011,Anti-G-
KTRKYAKIIYKVY,4.0,1.2197779417037964,1.1018917560577393,4.0,4.0,1.1608348488807678,Anti-G-
KKIKAYARKFFFV,4.0,1.249338984489441,1.2953386306762695,4.0,4.0,1.2723388075828552,Anti-G-
KALKVSFKKWLRF,4.0,0.8035973310470581,1.17022442817688,4.0,4.0,0.9869108796119691,Anti-G-
RQLKLVVRVGGLS,4.0,1.2471524477005005,1.2665866613388062,4.0,4.0,1.2568695545196533,Anti-G-
QKKRYFIARALLV,4.0,0.9106194972991944,1.0685969591140747,4.0,4.0,0.9896082282066345,Anti-G-
KGKSMRLAVKLWL,4.0,0.7711585760116577,1.741284966468811,4.0,4.0,1.2562217712402344,Anti-G-
RRVVKAKIFSKVY,4.0,1.1023163795471191,1.4069973230361938,4.0,4.0,1.2546568512916565,Anti-G-
KGKKYKIQVKIVL,4.0,0.681926429271698,1.8044451475143437,4.0,4.0,1.2431857883930209,Anti-G-
IVKRLKTSIKKFF,4.0,1.2392452955245972,1.063309907913208,4.0,4.0,1.1512776017189026,Anti-G-
RLTKKRVLFRLQV,4.0,1.0418850183486938,1.4948676824569702,4.0,4.0,1.268376350402832,Anti-G-
KRGLKIRLSVTKL,4.0,0.7230305671691895,1.7908257246017456,4.0,4.0,1.2569281458854675,Anti-G-
KYSKKRIIVAVSF,4.0,0.8718093037605286,1.3930572271347046,4.0,4.0,1.1324332654476166,Anti-G-
RAKGKYLYVRMYM,4.0,0.8798859119415283,1.506487488746643,4.0,4.0,1.1931867003440857,Anti-G-
LKKKVAFLIKKYW,4.0,1.34070086479187,1.1863563060760498,4.0,4.0,1.26352858543396,Anti-G-
LKRAKVWVRKVFS,4.0,1.1780060529708862,1.299837946891785,4.0,4.0,1.2389219999313354,Anti-G-
RYKKYKALVIKFA,4.0,1.23069429397583,1.1519203186035156,4.0,4.0,1.1913073062896729,Anti-G-
KKKYVLVMRRAYF,4.0,1.1490997076034546,1.4279170036315918,4.0,4.0,1.2885083556175232,Anti-G-
VKRIYRKALKTFF,4.0,1.2190378904342651,1.1951556205749512,4.0,4.0,1.2070967555046082,Anti-G-
KRFKAVRVYGITL,4.0,1.220516562461853,1.248284101486206,4.0,4.0,1.2344003319740295,Anti-G-
VKRKKLFARWIAF,4.0,1.1243573427200315,1.3690968751907349,4.0,4.0,1.2467271089553833,Anti-G-
FKRAVKQAKRVFF,4.0,1.1165050268173218,1.3852074146270752,4.0,4.0,1.2508562207221985,Anti-G-
LRTAVRRLMAGLF,4.0,1.4363054037094116,1.0179144144058228,4.0,4.0,1.2271099090576172,Anti-G-
KRYMKIMLGRAFR,4.0,0.8422921895980835,1.083299160003662,4.0,4.0,0.9627956748008728,Anti-G-
IRLKYKAQKVLWR,4.0,0.9095945358276368,1.4781643152236938,4.0,4.0,1.1938794255256653,Anti-G-
KKLKVYVLRRAFY,4.0,0.8453574180603027,1.690133571624756,4.0,4.0,1.2677454948425293,Anti-G-
RKLYVKWYKLFKI,4.0,0.992424726486206,1.5218254327774048,4.0,4.0,1.2571250796318054,Anti-G-
RKKVYKLFVAYRV,4.0,1.2053966522216797,1.2194725275039673,4.0,4.0,1.2124345898628235,Anti-G-
RKIKAYAKFKFAI,4.0,1.1049758195877075,1.2534475326538086,4.0,4.0,1.179211676120758,Anti-G-
KKIRKYAWKAFYV,4.0,1.33621084690094,0.979887306690216,4.0,4.0,1.158049076795578,Anti-G-
LKGLVKGMKKYFK,4.0,1.114443063735962,1.25192391872406,4.0,4.0,1.183183491230011,Anti-G-
RNKQKLYIKMAYV,4.0,0.6181505918502808,1.867642164230347,4.0,4.0,1.2428963780403137,Anti-G-
RKLKAALWGKWVA,4.0,1.2246142625808716,1.2769882678985596,4.0,4.0,1.2508012652397156,Anti-G-
KRKFARLIAKYYM,4.0,1.4296258687973022,1.155772686004639,4.0,4.0,1.2926992774009705,Anti-G-
RKMRTYLKVKAGF,4.0,0.9994646310806274,1.4014993906021118,4.0,4.0,1.2004820108413696,Anti-G-
KKAWYRAVRRGIL,4.0,1.2405000925064087,1.3446098566055298,4.0,4.0,1.2925549745559692,Anti-G-
KRIRALIKRSLTG,4.0,1.5947118997573853,0.960449993610382,4.0,4.0,1.2775809466838837,Anti-G-
KKLAKKTWRVIFI,4.0,1.0485402345657349,1.333299994468689,4.0,4.0,1.190920114517212,Anti-G-
QGIKSVVRKLIKT,4.0,1.4789597988128662,0.9938001036643982,4.0,4.0,1.2363799512386322,Anti-G-
QRRKKVSISVLVT,4.0,0.910370409488678,1.390060544013977,4.0,4.0,1.1502154767513275,Anti-G-
KAIYKKVRKLIWG,4.0,1.5922917127609253,0.876102864742279,4.0,4.0,1.2341972887516022,Anti-G-
RKKALIVKISKYY,4.0,0.9077119827270508,1.678471326828003,4.0,4.0,1.2930916547775269,Anti-G-
MLKKYQVIVARIF,4.0,1.3377702236175537,1.150152325630188,4.0,4.0,1.2439612746238708,Anti-G-
RGNKVRLKLTASL,4.0,0.781531035900116,1.6671292781829834,4.0,4.0,1.2243301570415497,Anti-G-
KLAKQAKKKWFFL,4.0,1.153676152229309,1.0716755390167236,4.0,4.0,1.1126758456230164,Anti-G-
LKKAQGLIRKLFR,4.0,0.6693971753120422,1.17141592502594,4.0,4.0,0.9204065501689911,Anti-G-
KAKFKGVYKLKLF,4.0,1.0462024211883545,1.155989408493042,4.0,4.0,1.1010959148406982,Anti-G-
RLKKARKVGWYYL,4.0,1.2339954376220703,1.168325424194336,4.0,4.0,1.2011604309082031,Anti-G-
KKRAKKYWAVYIA,4.0,0.8566334843635559,1.2377989292144775,4.0,4.0,1.0472162067890167,Anti-G-
LRLSIKAARKFTW,4.0,1.0866464376449585,1.3789857625961304,4.0,4.0,1.2328161001205444,Anti-G-
ALRKAIKRWTTRW,4.0,1.484710693359375,1.0783653259277344,4.0,4.0,1.2815380096435547,Anti-G-
RRLLTKYKLKFVI,4.0,1.2356797456741333,1.341303825378418,4.0,4.0,1.2884917855262756,Anti-G-
KRSKKGLIVVGIL,4.0,1.1180564165115356,1.3020166158676147,4.0,4.0,1.2100365161895752,Anti-G-
LRKALQKLKARFF,4.0,1.2810457944869995,1.3172121047973633,4.0,4.0,1.2991289496421814,Anti-G-
KRIAFKLRAVSQR,4.0,1.1460323333740234,1.3413324356079102,4.0,4.0,1.2436823844909668,Anti-G-
IKKKALFIIKKYF,4.0,1.2617651224136353,1.199189305305481,4.0,4.0,1.230477213859558,Anti-G-
RLKLTIRKGALSF,4.0,0.8392713069915771,1.267309069633484,4.0,4.0,1.0532901883125305,Anti-G-
KTLKLKLLVGVTY,4.0,1.103489875793457,1.4676027297973633,4.0,4.0,1.2855463027954102,Anti-G-
RRAYRLSMQWKAI,4.0,0.9811330437660216,1.3179298639297483,4.0,4.0,1.149531453847885,Anti-G-
LTKVFKKIKAWYK,4.0,1.2993712425231934,1.214408278465271,4.0,4.0,1.2568897604942322,Anti-G-
KLVRKWTRAIYGR,4.0,1.3285807371139526,0.953543782234192,4.0,4.0,1.1410622596740723,Anti-G-
RMKKAGKWVKVFL,4.0,1.0277546644210815,1.3912131786346436,4.0,4.0,1.2094839215278625,Anti-G-
NRVIKKWIKGYIR,4.0,1.0402437448501587,1.2887351512908936,4.0,4.0,1.1644894480705261,Anti-G-
KRKAMYYAFWKLR,4.0,1.1485151052474976,1.435383439064026,4.0,4.0,1.2919492721557617,Anti-G-
KRMSFRIKAAYSV,4.0,0.8922922611236572,1.0088437795639038,4.0,4.0,0.9505680203437805,Anti-G-
RQLKTRLKFNILA,4.0,1.2044187784194946,1.1908286809921265,4.0,4.0,1.1976237297058105,Anti-G-
KSIWAKRVKKVFL,4.0,1.0198591947555542,1.2429972887039185,4.0,4.0,1.1314282417297363,Anti-G-
KRVTWKVKGIFAK,4.0,0.9922345876693726,1.4558154344558716,4.0,4.0,1.224025011062622,Anti-G-
RRIAKISIQLVTK,4.0,1.0213090181350708,1.5743080377578735,4.0,4.0,1.2978085279464722,Anti-G-
KGVIKRLRVRLGT,4.0,1.152708888053894,1.383907914161682,4.0,4.0,1.268308401107788,Anti-G-
RLVKQVKRLTFGK,4.0,1.5128161907196045,0.7702646851539612,4.0,4.0,1.1415404379367828,Anti-G-
KKLVRLVYKGKYY,4.0,0.972403049468994,0.9267902970314026,4.0,4.0,0.9495966732501984,Anti-G-
KKLYKLKSVKFFI,4.0,1.2192600965499878,1.233275294303894,4.0,4.0,1.226267695426941,Anti-G-
QRKTKFILRISAK,4.0,0.7601557374000549,1.5725295543670654,4.0,4.0,1.1663426458835602,Anti-G-
KKLKLYIKFGVKY,4.0,1.0881907939910889,1.4427367448806765,4.0,4.0,1.2654637694358826,Anti-G-
KRLKRKWVASYVQ,4.0,1.4004966020584106,1.1471697092056274,4.0,4.0,1.273833155632019,Anti-G-
KFKKATKVMKVFI,4.0,1.1829487085342407,1.1451336145401,4.0,4.0,1.1640411615371704,Anti-G-
IKKAARFMKRYLW,4.0,0.9816327095031738,1.3405133485794067,4.0,4.0,1.1610730290412903,Anti-G-
RKYRAKAFARFIA,4.0,1.5984883308410645,0.9930351376533508,4.0,4.0,1.2957617342472076,Anti-G-
IAKAFWRKVRKYY,4.0,1.316006064414978,1.1823381185531616,4.0,4.0,1.2491720914840698,Anti-G-
WRQVLRKYRVIVV,4.0,1.5002772808074951,0.9804005026817322,4.0,4.0,1.2403388917446136,Anti-G-
KKVRKYAWKAYAF,4.0,1.2283053398132324,1.3267966508865356,4.0,4.0,1.277550995349884,Anti-G-
RLKSKYAVRVLWR,4.0,0.9018301963806152,1.4917542934417725,4.0,4.0,1.1967922449111938,Anti-G-
RRVIAFVKKYSAY,4.0,1.5262717008590698,1.0326019525527954,4.0,4.0,1.2794368267059326,Anti-G-
VRRASKLLRWYVR,4.0,1.1857203245162964,1.364989161491394,4.0,4.0,1.2753547430038452,Anti-G-
KALAKKIIKKYFW,4.0,1.111596703529358,0.8244550824165344,4.0,4.0,0.9680258929729462,Anti-G-
VRIKKAYYVAIKW,4.0,1.1904765367507937,1.2990599870681765,4.0,4.0,1.244768261909485,Anti-G-
VRKRKLKLSLFIT,4.0,0.8694069385528564,1.1514705419540403,4.0,4.0,1.0104387402534485,Anti-G-
KRVVKLKFVKAGF,4.0,1.1513792276382446,1.4244755506515503,4.0,4.0,1.2879273891448975,Anti-G-
QLKKAFAAAWYAI,4.0,1.4154952764511108,1.01093590259552,4.0,4.0,1.2132155895233154,Anti-G-
RQLVKAVTRKLFR,4.0,1.2163580656051636,0.9891713261604308,4.0,4.0,1.1027646958827972,Anti-G-
RGIKIKLQAKVYG,4.0,1.0224679708480835,1.0738942623138428,4.0,4.0,1.0481811165809631,Anti-G-
QSKLKVKVKTLIL,4.0,1.1329810619354248,1.458835482597351,4.0,4.0,1.295908272266388,Anti-G-
KIITVRLLVASTR,4.0,1.019012212753296,1.4489227533340454,4.0,4.0,1.2339674830436707,Anti-G-
TRLKVVLGINKRW,4.0,1.2998640537261963,1.2517491579055786,4.0,4.0,1.2758066058158875,Anti-G-
KRFAKLAVKVFYV,4.0,1.0341675281524658,1.2938088178634644,4.0,4.0,1.163988173007965,Anti-G-
RKKQFKVVVRVAS,4.0,1.1042882204055786,1.3500984907150269,4.0,4.0,1.2271933555603027,Anti-G-
VRKWAKAITKRFY,4.0,1.3936004638671875,0.8319501876831055,4.0,4.0,1.1127753257751465,Anti-G-
QSKLSLRLGIVVR,4.0,0.726224958896637,1.720123291015625,4.0,4.0,1.223174124956131,Anti-G-
RKLNKTVVLRVFV,4.0,0.8913594484329224,1.4695167541503906,4.0,4.0,1.1804381012916565,Anti-G-
RRKAFKNLATWVV,4.0,1.4698717594146729,0.9249125719070436,4.0,4.0,1.1973921656608582,Anti-G-
RKLKVIRVTGRGF,4.0,0.9980454444885254,1.3098291158676147,4.0,4.0,1.15393728017807,Anti-G-
RGALKRLKVKFTL,4.0,1.2318569421768188,1.1816390752792358,4.0,4.0,1.2067480087280273,Anti-G-
KGLKLKKKYVFAF,4.0,1.033271074295044,1.4675613641738892,4.0,4.0,1.2504162192344666,Anti-G-
KGLKLSLRYRATL,4.0,0.5544238686561584,1.636551022529602,4.0,4.0,1.0954874455928802,Anti-G-
YKKILKRAAAKFW,4.0,1.152668833732605,1.41834819316864,4.0,4.0,1.2855085134506226,Anti-G-
KIKKAIKLYAKFW,4.0,0.9323223829269408,1.3160747289657593,4.0,4.0,1.12419855594635,Anti-G-
YKKQVKKVKALFW,4.0,1.1973367929458618,1.1823140382766724,4.0,4.0,1.189825415611267,Anti-G-
KRVRKYAARYWAL,4.0,1.212821125984192,1.0278657674789429,4.0,4.0,1.1203434467315674,Anti-G-
KKRAVKIYWRYIA,4.0,1.1879891157150269,1.3738765716552734,4.0,4.0,1.2809328436851501,Anti-G-
KKTSKLIKAVFSR,4.0,0.9442744851112366,1.5214861631393433,4.0,4.0,1.23288032412529,Anti-G-
KRLTKVALITIRS,4.0,0.8870973587036133,1.3501735925674438,4.0,4.0,1.1186354756355286,Anti-G-
RKYYAKAVKRAIF,4.0,1.5204129219055176,1.04750657081604,4.0,4.0,1.2839597463607788,Anti-G-
RKKSKLIIRVTSA,4.0,0.827904462814331,1.483585000038147,4.0,4.0,1.155744731426239,Anti-G-
RRIKASLRRSFIA,4.0,1.140480875968933,1.412253737449646,4.0,4.0,1.2763673067092896,Anti-G-
RKGAKWYLRVLGK,4.0,0.96934974193573,1.6063801050186155,4.0,4.0,1.2878649234771729,Anti-G-
KYKKALKLAGKIF,4.0,0.9596556425094604,1.6378285884857178,4.0,4.0,1.2987421154975891,Anti-G-
KVKKIWKMAAKYF,4.0,1.1498740911483765,1.3221805095672607,4.0,4.0,1.2360273003578186,Anti-G-
NRIQIKIVASRAI,4.0,1.013537883758545,1.5136926174163818,4.0,4.0,1.2636152505874634,Anti-G-
LLKAVKKWKKYVF,4.0,1.1214240789413452,1.3443001508712769,4.0,4.0,1.232862114906311,Anti-G-
RAFKAVAVYRRWI,4.0,1.2359918355941772,1.2097547054290771,4.0,4.0,1.2228732705116272,Anti-G-
RKMSKKYVIARWF,4.0,1.1891220808029177,1.3313367366790771,4.0,4.0,1.2602294087409973,Anti-G-
KKVVAKTLKLFWF,4.0,1.2394334077835083,0.9517225623130798,4.0,4.0,1.095577985048294,Anti-G-
RKAIAYFKKRWAW,4.0,1.0125826597213743,1.414852499961853,4.0,4.0,1.2137175798416138,Anti-G-
KINKVVKGVKRYF,4.0,1.3246701955795288,1.1001498699188232,4.0,4.0,1.212410032749176,Anti-G-
QRKFTKILKAYVK,4.0,1.27191960811615,1.3181769847869873,4.0,4.0,1.2950482964515686,Anti-G-
RIKVFVKAAKKYY,4.0,1.410168170928955,1.173566222190857,4.0,4.0,1.291867196559906,Anti-G-
VKKYQKLAKKLFG,4.0,1.0964982509613037,1.2351595163345337,4.0,4.0,1.1658288836479187,Anti-G-
RGKVKGVFKVLRT,4.0,1.596866011619568,0.9354484677314758,4.0,4.0,1.2661572396755219,Anti-G-
RGVLAKVRKFYNR,4.0,1.3519121408462524,1.0434173345565796,4.0,4.0,1.197664737701416,Anti-G-
RSIGTKRVIRAIF,4.0,1.0824863910675049,1.506370186805725,4.0,4.0,1.294428288936615,Anti-G-
RLMKAFRVRVAYF,4.0,1.5947680473327637,0.7621530890464783,4.0,4.0,1.178460568189621,Anti-G-
KRQVRQKVRIVTV,4.0,1.0377380847930908,1.3540760278701782,4.0,4.0,1.1959070563316345,Anti-G-
KRVVKRYKVVYLT,4.0,1.101345181465149,1.2023659944534302,4.0,4.0,1.1518555879592896,Anti-G-
KRLLTRGMRAMFG,4.0,1.5424582958221436,1.04840886592865,4.0,4.0,1.2954335808753967,Anti-G-
RQKFIIAMRATVF,4.0,1.3054943084716797,1.0306050777435305,4.0,4.0,1.168049693107605,Anti-G-
RRRAKYSVKVILS,4.0,0.6241547465324402,1.5634586811065674,4.0,4.0,1.0938067138195038,Anti-G-
KRLAKYYYVKLVK,4.0,0.9361531734466552,1.6493676900863647,4.0,4.0,1.29276043176651,Anti-G-
KLKKKLGLGMRFF,4.0,1.4872037172317505,1.1114022731781006,4.0,4.0,1.2993029952049255,Anti-G-
KKVVRGKVKYWVT,4.0,0.9808145761489868,1.5640193223953247,4.0,4.0,1.2724169492721558,Anti-G-
KMLAKKKWVKYFF,4.0,1.0406136512756348,1.0296958684921265,4.0,4.0,1.0351547598838806,Anti-G-
QRLSKKVRKYLLG,4.0,1.608967423439026,0.7342316508293152,4.0,4.0,1.1715995371341705,Anti-G-
RRILRYMRAGKVF,4.0,1.2574527263641355,1.201502799987793,4.0,4.0,1.2294777631759644,Anti-G-
WRAYVKAVKRLTK,4.0,0.9690120220184326,1.4514819383621216,4.0,4.0,1.210246980190277,Anti-G-
RAIKMKAFAKFFG,4.0,1.4813717603683472,1.0453705787658691,4.0,4.0,1.2633711695671082,Anti-G-
QRKLSAKIRFILK,4.0,1.1062169075012207,1.2227798700332642,4.0,4.0,1.1644983887672424,Anti-G-
ALKAWNKVKKFFR,4.0,1.208371877670288,1.1897002458572388,4.0,4.0,1.1990360617637634,Anti-G-
IKKVAKKTIKLFF,4.0,0.9550796747207642,0.9954796433448792,4.0,4.0,0.9752796590328217,Anti-G-
KKLAIRVGINGKL,4.0,0.8589877486228943,1.4078350067138672,4.0,4.0,1.1334113776683807,Anti-G-
KRYVIRVAYKSQR,4.0,0.908189296722412,1.524532437324524,4.0,4.0,1.216360867023468,Anti-G-
RGKYGRLVKKAFV,4.0,1.2025541067123413,1.145905613899231,4.0,4.0,1.1742298603057861,Anti-G-
RRAAKLLLSKRFF,4.0,1.09449565410614,1.268966794013977,4.0,4.0,1.1817312240600586,Anti-G-
RVNKLTMKVRLTV,4.0,0.7950983047485352,1.5193793773651123,4.0,4.0,1.1572388410568237,Anti-G-
KKVYLKYRRWSVV,4.0,0.8634296655654907,1.656107783317566,4.0,4.0,1.2597687244415283,Anti-G-
VRIKRYRVVYQGR,4.0,1.298903465270996,1.2382845878601074,4.0,4.0,1.2685940265655518,Anti-G-
RKIRLATRFTVVQ,4.0,0.8931217193603516,1.2609256505966189,4.0,4.0,1.077023684978485,Anti-G-
KAIRALYLKWFKR,4.0,1.4021393060684204,1.103408932685852,4.0,4.0,1.2527741193771362,Anti-G-
KKGKRIVKGVLGF,4.0,1.2172075510025024,1.2284537553787231,4.0,4.0,1.2228306531906128,Anti-G-
RRLKAYYQVRIVT,4.0,1.043525218963623,0.845039963722229,4.0,4.0,0.944282591342926,Anti-G-
VRKWRAIYVKLTK,4.0,0.8576234579086304,1.1893985271453855,4.0,4.0,1.023510992527008,Anti-G-
VKLWIKRAGKRFL,4.0,1.2841767072677612,1.098317265510559,4.0,4.0,1.1912469863891602,Anti-G-
KSQGVLKKLTALL,4.0,0.9774903655052184,1.232002019882202,4.0,4.0,1.10474619269371,Anti-G-
RRFKAASAAARVW,4.0,1.471675157546997,0.8807902336120605,4.0,4.0,1.1762326955795288,Anti-G-
KGKKIKISITLYK,4.0,0.5854612588882446,1.4668203592300415,4.0,4.0,1.026140809059143,Anti-G-
RRAKLIYTRAFAI,4.0,1.0275861024856567,1.193230390548706,4.0,4.0,1.1104082465171814,Anti-G-
RLLKVRVIFTRSG,4.0,1.1572645902633667,1.4223158359527588,4.0,4.0,1.2897902131080627,Anti-G-
RKKYYLKARVVFI,4.0,0.8716177940368652,1.4499496221542358,4.0,4.0,1.1607837080955505,Anti-G-
KGLKAALKFGKLY,4.0,1.5642969608306885,1.0094317197799685,4.0,4.0,1.2868643403053284,Anti-G-
KKLQKLTVRIITN,4.0,1.0168373584747314,1.4453611373901367,4.0,4.0,1.231099247932434,Anti-G-
RRLSYQIKVALSA,4.0,1.2136054039001465,1.2471917867660522,4.0,4.0,1.2303985953330994,Anti-G-
WNRAAKAVKKYYR,4.0,1.335825800895691,1.21392023563385,4.0,4.0,1.2748730182647705,Anti-G-
LKKFVAKILKFYK,4.0,1.2866648435592651,1.3004460334777832,4.0,4.0,1.2935554385185242,Anti-G-
RKVVLSRGVKFFR,4.0,0.8563839197158813,1.328766703605652,4.0,4.0,1.0925753116607666,Anti-G-
RRLTRKANKLILG,4.0,1.2997344732284546,1.1255279779434204,4.0,4.0,1.2126312255859375,Anti-G-
KSALGKLRIKLFL,4.0,1.0112167596817017,1.4223705530166626,4.0,4.0,1.2167936563491821,Anti-G-
RSTQIRIIRVATI,4.0,0.8318362832069397,1.5719751119613647,4.0,4.0,1.2019056975841522,Anti-G-
RKKFAAMYKRIFA,4.0,1.132457256317139,1.1859859228134155,4.0,4.0,1.159221589565277,Anti-G-
RGLMAKFAIKIRY,4.0,1.0772472620010376,0.9111233353614808,4.0,4.0,0.9941852986812592,Anti-G-
KSLRRTVIRAFYK,4.0,1.195224642753601,1.02411687374115,4.0,4.0,1.1096707582473755,Anti-G-
RKLIKGRFQVKFI,4.0,0.9144052863121032,1.2587339878082275,4.0,4.0,1.0865696370601654,Anti-G-
RFKKQVLAAKYFL,4.0,0.9910919666290284,1.178730607032776,4.0,4.0,1.0849112868309023,Anti-G-
RRVTKVVIAQFKV,4.0,1.060674071311951,1.331645131111145,4.0,4.0,1.1961596012115479,Anti-G-
RRTAKIRISAGVF,4.0,0.9436506032943726,1.481711506843567,4.0,4.0,1.2126810550689697,Anti-G-
KRIGVKVKSTLRL,4.0,0.8857340216636658,1.6492772102355957,4.0,4.0,1.2675056159496307,Anti-G-
KKIFAVVRKAYRY,4.0,1.28928804397583,1.101404309272766,4.0,4.0,1.195346176624298,Anti-G-
KKLKVRLKGVLGY,4.0,1.0525048971176147,1.1868788003921509,4.0,4.0,1.1196918487548828,Anti-G-
IKKAYKKQFKWIL,4.0,0.9273256063461304,1.3683390617370603,4.0,4.0,1.1478323340415955,Anti-G-
AKYKKAWKWVRFV,4.0,1.078177571296692,1.3748323917388916,4.0,4.0,1.2265049815177917,Anti-G-
RKITRKRVVFIAT,4.0,0.8567783832550049,0.9584444165229796,4.0,4.0,0.9076113998889923,Anti-G-
YKIKAKFAKALKW,4.0,0.9587327241897584,1.593255877494812,4.0,4.0,1.2759943008422852,Anti-G-
RKLKAIIQLSGAR,4.0,1.4564443826675415,1.1379235982894895,4.0,4.0,1.2971839904785156,Anti-G-
KKLGKNLGIKLSI,4.0,1.1055991649627686,1.3006914854049685,4.0,4.0,1.2031453251838684,Anti-G-
RGVQKAVRAALFI,4.0,1.3503555059432983,1.2302926778793335,4.0,4.0,1.290324091911316,Anti-G-
KKSKKWVIKLWAG,4.0,0.9574837684631348,1.4647610187530518,4.0,4.0,1.2111223936080933,Anti-G-
AKKQIKRIWGMLF,4.0,0.9985902309417723,1.4353961944580078,4.0,4.0,1.2169932126998901,Anti-G-
QRKSTLKVVKLLV,4.0,1.2055991888046265,1.0230498313903809,4.0,4.0,1.1143245100975037,Anti-G-
VKKSKRLRIWITA,4.0,0.8658961057662964,1.4683233499526978,4.0,4.0,1.167109727859497,Anti-G-
RLKGTLRVIAVLQ,4.0,1.5353772640228271,1.0332181453704834,4.0,4.0,1.2842977046966553,Anti-G-
KRIKRRYLVSVSV,4.0,1.021401047706604,1.484620451927185,4.0,4.0,1.2530107498168945,Anti-G-
RRKGRLVITASLT,4.0,1.0867398977279663,1.177253007888794,4.0,4.0,1.1319964528083801,Anti-G-
KQLIFSVRYRVAL,4.0,1.2042263746261597,1.1220839023590088,4.0,4.0,1.1631551384925842,Anti-G-
RKRVGKAVFKYGV,4.0,1.22064471244812,1.344722867012024,4.0,4.0,1.282683789730072,Anti-G-
KIIKKAVFRYFRF,4.0,1.620089054107666,0.9238535165786744,4.0,4.0,1.2719712853431702,Anti-G-
RKLKALKFVVFTK,4.0,0.8884513974189758,1.359486699104309,4.0,4.0,1.1239690482616425,Anti-G-
QRIAAKFKIRLGF,4.0,1.0383946895599363,1.314228892326355,4.0,4.0,1.1763117909431458,Anti-G-
VKRAAKIYKWFYK,4.0,1.3255308866500854,1.02912437915802,4.0,4.0,1.1773276329040527,Anti-G-
LRKYKKWAAKVFY,4.0,1.5536078214645386,0.7731271982192993,4.0,4.0,1.163367509841919,Anti-G-
LKVKVKKWIGGRF,4.0,1.1848504543304443,1.0129963159561155,4.0,4.0,1.09892338514328,Anti-G-
KKYKAKVAKWYVL,4.0,0.980880081653595,1.50653874874115,4.0,4.0,1.2437094151973724,Anti-G-
KRIALKLRYGKWA,4.0,0.7105498313903809,1.287215232849121,4.0,4.0,0.998882532119751,Anti-G-
RNLKLSIKRVFVL,4.0,1.1213083267211914,1.4057679176330566,4.0,4.0,1.263538122177124,Anti-G-
KKKVRYRISAAFI,4.0,0.9948974251747132,1.5393223762512207,4.0,4.0,1.267109900712967,Anti-G-
RRVKQKVVITAFA,4.0,0.8991472125053406,1.102590799331665,4.0,4.0,1.0008690059185028,Anti-G-
RGKKLYLRLKSGI,4.0,0.9090811014175416,1.4548773765563965,4.0,4.0,1.181979238986969,Anti-G-
KALKKIYKKWLFY,4.0,1.373388409614563,1.1277587413787842,4.0,4.0,1.2505735754966736,Anti-G-
RLIRKFGLTISLK,4.0,0.9397995471954346,1.502821445465088,4.0,4.0,1.2213104963302612,Anti-G-
RSRWKITLVYKAA,4.0,0.8709307909011841,1.497510552406311,4.0,4.0,1.1842206716537476,Anti-G-
RQQYKAKLRVFIK,4.0,0.5147234201431274,1.5756351947784424,4.0,4.0,1.045179307460785,Anti-G-
RLKSGKVRVTIVL,4.0,1.1883562803268433,1.2946902513504028,4.0,4.0,1.241523265838623,Anti-G-
LIKKYAKFVRKWY,4.0,1.1681419610977173,1.3248740434646606,4.0,4.0,1.246508002281189,Anti-G-
KRLKRKAYYAFVL,4.0,1.6408661603927612,0.914060652256012,4.0,4.0,1.2774634063243866,Anti-G-
KKKKAYIQAVWFR,4.0,1.101130485534668,1.4607897996902466,4.0,4.0,1.2809601426124573,Anti-G-
YKIKKAFAIKFFK,4.0,1.1433290243148804,1.1386736631393433,4.0,4.0,1.1410013437271118,Anti-G-
RKGAYYKVIRKLY,4.0,1.1055740118026731,1.480347752571106,4.0,4.0,1.2929608821868896,Anti-G-
RSKKFIRAIAVLS,4.0,1.4416744709014893,1.0358401536941528,4.0,4.0,1.238757312297821,Anti-G-
RRKAYYAIAGLAY,4.0,1.2777050733566284,1.2155863046646118,4.0,4.0,1.2466456890106201,Anti-G-
KLVKKKFIAFGKF,4.0,1.3325997591018677,1.013391613960266,4.0,4.0,1.172995686531067,Anti-G-
KSVLKTIRKLLGA,4.0,1.0803459882736206,1.4947532415390017,4.0,4.0,1.287549614906311,Anti-G-
KSLKIKVKLTAST,4.0,0.992160439491272,1.5062735080718994,4.0,4.0,1.2492169737815857,Anti-G-
VRLKKWTIRYYRA,4.0,1.284919023513794,1.2906562089920044,4.0,4.0,1.2877876162528992,Anti-G-
KRIAGKVGRYLTI,4.0,1.2182366847991943,1.316620945930481,4.0,4.0,1.2674288153648376,Anti-G-
RKLVGKALKKYFV,4.0,1.3433828353881836,1.1898618936538696,4.0,4.0,1.2666223645210266,Anti-G-
IKKKYKFAVFRAL,4.0,0.855804443359375,1.6193625926971436,4.0,4.0,1.2375835180282593,Anti-G-
QYKLLFIVKYIRK,4.0,1.1664708852767944,1.3383487462997437,4.0,4.0,1.252409815788269,Anti-G-
RIRVTARQAKIWF,4.0,0.8907383680343628,1.380566954612732,4.0,4.0,1.1356526613235474,Anti-G-
RRKVYKKAAIYYI,4.0,1.095266819000244,1.155831217765808,4.0,4.0,1.1255490183830261,Anti-G-
AKILKKFIVKKWF,4.0,1.2939015626907349,1.1429753303527832,4.0,4.0,1.218438446521759,Anti-G-
KRKGIQLRVRLYS,4.0,0.5796976685523987,1.6692209243774414,4.0,4.0,1.12445929646492,Anti-G-
YRVAAKVFLKFKR,4.0,1.0647016763687134,1.32667076587677,4.0,4.0,1.1956862211227417,Anti-G-
QRTKIFVKKMFLK,4.0,1.5899006128311155,0.9945507645606996,4.0,4.0,1.2922256886959076,Anti-G-
IKKAKQAFKKLLW,4.0,0.969868004322052,1.539029240608215,4.0,4.0,1.2544486224651337,Anti-G-
RITKAATKLKRWY,4.0,1.119600772857666,1.2678269147872925,4.0,4.0,1.1937138438224792,Anti-G-
AAVKYKKWVKKVF,4.0,1.0542656183242798,0.9652019143104552,4.0,4.0,1.0097337663173676,Anti-G-
AKKAKFRVKVIYW,4.0,0.7663424611091614,1.7611538171768188,4.0,4.0,1.2637481391429901,Anti-G-
VRLGAKLRIRISN,4.0,0.7021278738975525,1.5578373670578003,4.0,4.0,1.1299826204776764,Anti-G-
YRIKVKFVTKAAR,4.0,0.8941551446914673,1.626739263534546,4.0,4.0,1.2604472041130066,Anti-G-
KYKGVKRAFRIAW,4.0,1.2657325267791748,1.3020961284637451,4.0,4.0,1.28391432762146,Anti-G-
KRKYIVIAQRYAV,4.0,1.096330165863037,1.3759785890579224,4.0,4.0,1.2361543774604797,Anti-G-
KRIRKLYATYAGR,4.0,1.5965756177902222,0.9354389309883118,4.0,4.0,1.266007274389267,Anti-G-
VKIKIKFYKKGWL,4.0,0.976711630821228,1.38412606716156,4.0,4.0,1.180418848991394,Anti-G-
KYLRLRVTYRKGV,4.0,0.6517268419265747,1.420841097831726,4.0,4.0,1.0362839698791504,Anti-G-
AKKILKLFKKYIW,4.0,0.8110476136207581,1.189771056175232,4.0,4.0,1.000409334897995,Anti-G-
RRLAFKVKKYISG,4.0,1.2586952447891235,1.0541387796401978,4.0,4.0,1.1564170122146606,Anti-G-
RKIKLGKYVSIRL,4.0,0.7909181118011475,1.4352734088897705,4.0,4.0,1.113095760345459,Anti-G-
KKYRKIAVVYARF,4.0,1.202980875968933,1.2218044996261597,4.0,4.0,1.2123926877975464,Anti-G-
VKKYKKLRVVYFL,4.0,1.239169001579285,1.2294071912765503,4.0,4.0,1.2342880964279175,Anti-G-
RRNAARYTVAIWA,4.0,1.0339815616607666,1.494907021522522,4.0,4.0,1.2644442915916443,Anti-G-
RRQTNALLVAIAM,4.0,1.1722489595413208,1.421652913093567,4.0,4.0,1.2969509363174438,Anti-G-
QSRLSKIVRRMVL,4.0,1.2764393091201782,0.9336119294166564,4.0,4.0,1.1050256192684174,Anti-G-
RLKKAFRGARWNV,4.0,1.2528611421585083,1.1264233589172363,4.0,4.0,1.1896422505378723,Anti-G-
RRLAATIKRQITR,4.0,1.215332269668579,0.9749341607093812,4.0,4.0,1.09513321518898,Anti-G-
QSKVKTLVRRVLG,4.0,1.2841659784317017,1.0381247997283936,4.0,4.0,1.1611453890800476,Anti-G-
RLIATKLRIRIGS,4.0,0.995281457901001,1.4058003425598145,4.0,4.0,1.2005409002304077,Anti-G-
RKGVKKGIVKYYV,4.0,0.9419246315956116,0.9614533185958862,4.0,4.0,0.9516889750957489,Anti-G-
LQRVTRKVARIFR,4.0,1.094476342201233,1.201522707939148,4.0,4.0,1.1479995250701904,Anti-G-
VRKYKGKLKVGLW,4.0,0.9187302589416504,1.1858036518096924,4.0,4.0,1.0522669553756714,Anti-G-
SRKRVKWIAKAFY,4.0,1.1905776262283323,1.3020139932632446,4.0,4.0,1.2462958097457886,Anti-G-
KRYFVKVRVVATA,4.0,0.8224329352378845,1.4958714246749878,4.0,4.0,1.1591521799564362,Anti-G-
VKYRKKWAVRIAF,4.0,0.9424051642417908,1.4258711338043213,4.0,4.0,1.184138149023056,Anti-G-
YKGLVRRVIKTLR,4.0,1.3518669605255127,1.1318156719207764,4.0,4.0,1.2418413162231445,Anti-G-
KKLVAKALYWKFK,4.0,0.965939998626709,1.592150092124939,4.0,4.0,1.279045045375824,Anti-G-
KRKAYVLVRKFLY,4.0,1.228107452392578,1.2614425420761108,4.0,4.0,1.2447749972343445,Anti-G-
KVLKKAIRIRYYY,4.0,1.1764003038406372,1.354747653007507,4.0,4.0,1.2655739784240723,Anti-G-
RKLQKGLKLSLVT,4.0,0.9467805027961732,1.4882718324661257,4.0,4.0,1.2175261676311495,Anti-G-
LRGWAKKAYRRVV,4.0,1.3802350759506226,1.0392358303070068,4.0,4.0,1.2097354531288147,Anti-G-
KRVKQVLFAGLRR,4.0,1.3604300022125244,1.1253501176834106,4.0,4.0,1.2428900599479675,Anti-G-
KRLRIAYGVKWSA,4.0,1.034589409828186,1.2525206804275513,4.0,4.0,1.1435550451278687,Anti-G-
KGRYAQIRKLIMR,4.0,1.524255394935608,0.9046287536621094,4.0,4.0,1.2144420742988586,Anti-G-
AKLKVAKKFKWIF,4.0,1.2306605577468872,1.2221580743789673,4.0,4.0,1.2264093160629272,Anti-G-
KRLQAKYAVRFFR,4.0,0.9151025414466858,1.0284358263015747,4.0,4.0,0.9717691838741302,Anti-G-
IRKARKFYAAVKW,4.0,1.4467624425888062,1.1327790021896362,4.0,4.0,1.2897707223892212,Anti-G-
RKKAFVIYQRVRF,4.0,0.7059832811355591,1.3183220624923706,4.0,4.0,1.0121526718139648,Anti-G-
RTAKKFAIRISLI,4.0,0.6555601358413696,1.8807905912399288,4.0,4.0,1.2681753635406492,Anti-G-
KLMRVRYTAVKFK,4.0,1.0863536596298218,1.4942423105239868,4.0,4.0,1.2902979850769043,Anti-G-
RGKVTKGVKKLLF,4.0,1.315998911857605,1.00041663646698,4.0,4.0,1.1582077741622925,Anti-G-
KRIAVYKVVYTTR,4.0,0.8723710775375366,1.460198998451233,4.0,4.0,1.1662850379943848,Anti-G-
IKAYLKKAKKFLF,4.0,1.1992675065994265,1.172416090965271,4.0,4.0,1.1858417987823486,Anti-G-
KKLKAAYWYTARL,4.0,0.981920599937439,1.3542174100875854,4.0,4.0,1.1680690050125122,Anti-G-
VQKKIKKYIKAWF,4.0,1.3390090465545654,1.0790261030197144,4.0,4.0,1.20901757478714,Anti-G-
KKVKKLYLNVLKY,4.0,1.2905229330062866,1.2227610349655151,4.0,4.0,1.2566419839859009,Anti-G-
RQLKKWAYVVYKK,4.0,1.0928806066513062,1.3761274814605713,4.0,4.0,1.2345040440559387,Anti-G-
MKKGVYLRVKFGV,4.0,0.9419215321540833,1.5915874242782593,4.0,4.0,1.2667544782161713,Anti-G-
TKKVARWWRRLGV,4.0,1.4024759531021118,1.126917600631714,4.0,4.0,1.2646967768669128,Anti-G-
RSFAKKIALKWYR,4.0,0.9003800749778748,1.493640422821045,4.0,4.0,1.1970102488994598,Anti-G-
RKAKKYVVFKFQV,4.0,0.7374764680862427,1.8451387882232664,4.0,4.0,1.2913076281547546,Anti-G-
YKAWIKRGARKVF,4.0,1.145470380783081,1.097115159034729,4.0,4.0,1.121292769908905,Anti-G-
KRVVKRKYAIYWA,4.0,1.3407386541366575,1.2267452478408811,4.0,4.0,1.2837419509887693,Anti-G-
RKLKLRYMKVFYG,4.0,1.290707230567932,1.153195858001709,4.0,4.0,1.2219515442848206,Anti-G-
ARIKVIKLARFFW,4.0,1.3352375030517578,1.1824644804000854,4.0,4.0,1.2588509917259216,Anti-G-
KKFARKVVKIWYA,4.0,0.8753054141998291,1.4271820783615112,4.0,4.0,1.1512437462806702,Anti-G-
RKLALFAKMRYFR,4.0,1.1141380071640017,1.4446059465408323,4.0,4.0,1.279371976852417,Anti-G-
RRMKSYIRAAVGI,4.0,1.3973853588104248,0.7685360312461853,4.0,4.0,1.082960695028305,Anti-G-
VKRIARKWAYRTF,4.0,1.6579601764678955,0.9370539784431458,4.0,4.0,1.2975070774555206,Anti-G-
VKKWATKIFKKYV,4.0,1.299373745918274,1.1438782215118408,4.0,4.0,1.2216259837150574,Anti-G-
RQLRAKIAAKWTW,4.0,1.429307222366333,1.10417377948761,4.0,4.0,1.2667405009269714,Anti-G-
KSLKKLVGRILSR,4.0,1.2359176874160769,1.055089235305786,4.0,4.0,1.1455034613609314,Anti-G-
KKYAKKYKFAFII,4.0,0.8889755010604858,1.1681510210037231,4.0,4.0,1.0285632610321045,Anti-G-
VRLLKKLRFGRYY,4.0,1.2761515378952026,1.314734697341919,4.0,4.0,1.2954431176185608,Anti-G-
AKKYQKLIVRFLF,4.0,1.1673651933670044,1.387482762336731,4.0,4.0,1.2774239778518677,Anti-G-
KRYKKYFAVVKVV,4.0,1.1008511781692505,1.205255150794983,4.0,4.0,1.1530531644821167,Anti-G-
KTLYAAIKRWIVK,4.0,0.983208179473877,1.1757532358169556,4.0,4.0,1.0794807076454163,Anti-G-
TKKLAAIWRKYLW,4.0,0.9379425048828124,1.544785737991333,4.0,4.0,1.2413641214370728,Anti-G-
RGLKAYAKLVTRR,4.0,1.2589315176010132,1.0288268327713013,4.0,4.0,1.1438791751861572,Anti-G-
RAAKIAFKARFYL,4.0,1.1487526893615725,1.2885053157806396,4.0,4.0,1.218629002571106,Anti-G-
RKLVQRAVFAVYK,4.0,1.4008744955062866,1.1867332458496094,4.0,4.0,1.293803870677948,Anti-G-
KYKVKWKRAAYLI,4.0,0.9112156629562378,1.4867953062057495,4.0,4.0,1.1990054845809937,Anti-G-
KAAKFIRKFWFIK,4.0,0.9533696174621582,1.5410982370376587,4.0,4.0,1.2472339272499084,Anti-G-
LRKVYARIVGRWM,4.0,1.5566980838775637,0.7071281671524048,4.0,4.0,1.1319131255149841,Anti-G-
MRKKLVYYYAVRK,4.0,1.0064088106155396,1.4768028259277344,4.0,4.0,1.241605818271637,Anti-G-
KQAVKKGLRKLLF,4.0,1.1689684391021729,0.9687203764915466,4.0,4.0,1.0688444077968597,Anti-G-
KGYKAVVKALFRR,4.0,1.1725472211837769,1.334049105644226,4.0,4.0,1.2532981634140015,Anti-G-
KKVLKWRVGAKYL,4.0,1.1073814630508425,1.31912100315094,4.0,4.0,1.2132512331008911,Anti-G-
RKSVKYAIWAFRR,4.0,1.2499116659164429,1.2398173809051514,4.0,4.0,1.2448645234107971,Anti-G-
VKFAARVKKWIRY,4.0,1.495895266532898,1.080924391746521,4.0,4.0,1.2884098291397095,Anti-G-
IYKRAYKVIRKYY,4.0,1.1307103633880615,1.388140320777893,4.0,4.0,1.2594253420829773,Anti-G-
VKLTKFKIKTFLR,4.0,1.0424059629440308,1.4689887762069702,4.0,4.0,1.2556973695755005,Anti-G-
KKYKKGFVYLIRL,4.0,0.7233847379684448,1.8338135480880735,4.0,4.0,1.2785991430282593,Anti-G-
ARGVKAWMRKVFR,4.0,1.1119827032089231,0.9453886151313782,4.0,4.0,1.0286856591701508,Anti-G-
KRIKIKLSASATI,4.0,0.8789523839950562,1.5986697673797607,4.0,4.0,1.2388110756874084,Anti-G-
RGIKAIVKGTRFR,4.0,1.3439991474151611,1.164974808692932,4.0,4.0,1.2544869780540466,Anti-G-
RKKSKVSLRVIAF,4.0,0.926038384437561,1.2792609930038452,4.0,4.0,1.1026496887207031,Anti-G-
RRLAKLKYRFVVS,4.0,0.9686099886894226,1.389060139656067,4.0,4.0,1.1788350641727448,Anti-G-
KRLKKYAYVRIAY,4.0,0.8840593099594116,0.9029304385185242,4.0,4.0,0.8934948742389679,Anti-G-
RTRIKVSRWVIAG,4.0,0.8949618339538574,1.429006814956665,4.0,4.0,1.1619843244552612,Anti-G-
RLKASKALIRWYR,4.0,1.0684689283370972,1.0795692205429075,4.0,4.0,1.0740190744400024,Anti-G-
KLKKKLNFKLVVT,4.0,1.1351604461669922,1.3694627285003662,4.0,4.0,1.2523115873336792,Anti-G-
RLIVSRVIFKYAY,4.0,1.1493135690689087,1.3357329368591309,4.0,4.0,1.2425232529640198,Anti-G-
VKAWKRFAARFIR,4.0,1.0133229494094849,1.216219782829285,4.0,4.0,1.1147713661193848,Anti-G-
KVKKFKLAVKFYV,4.0,1.2277873754501345,1.1665616035461426,4.0,4.0,1.1971744894981384,Anti-G-
KKYAITRRVRFVI,4.0,0.7419122457504272,1.4866631031036377,4.0,4.0,1.1142876744270325,Anti-G-
SKRYKLAVKVFYR,4.0,0.8529746532440186,1.661598563194275,4.0,4.0,1.2572866082191467,Anti-G-
RRSAKKLVVRIQG,4.0,0.9421015381813048,1.3532017469406128,4.0,4.0,1.1476516425609589,Anti-G-
KKAAYKKAWKVLF,4.0,1.051299810409546,1.4014674425125122,4.0,4.0,1.226383626461029,Anti-G-
QRLFKKVYGKAIR,4.0,1.2012267112731934,1.2188860177993774,4.0,4.0,1.2100563645362854,Anti-G-
IKKKFKILAAFYR,4.0,1.2015377283096311,1.182012915611267,4.0,4.0,1.1917753219604492,Anti-G-
KGRKAFKLIRLNL,4.0,0.7337331771850586,1.643219828605652,4.0,4.0,1.1884765028953552,Anti-G-
RRLYARIVGKGYK,4.0,1.2037073373794556,1.0881386995315552,4.0,4.0,1.1459230184555054,Anti-G-
KRKVRIRTAAWYQ,4.0,0.8136666417121887,1.4954718351364136,4.0,4.0,1.1545692384243011,Anti-G-
KAKKFKAKLVVYF,4.0,1.0894919633865356,1.1475118398666382,4.0,4.0,1.118501901626587,Anti-G-
VRKVKYRIAARFW,4.0,1.3927282094955444,1.0193796157836914,4.0,4.0,1.206053912639618,Anti-G-
KRVKALKITQRFI,4.0,1.1443144083023071,1.1813253164291382,4.0,4.0,1.1628198623657227,Anti-G-
RKYVALKVKVRYF,4.0,0.7353094816207886,1.0773850679397583,4.0,4.0,0.9063472747802734,Anti-G-
KKGLKLVVKYYKY,4.0,1.3460848331451416,1.0329697132110596,4.0,4.0,1.1895272731781006,Anti-G-
VRKAFKVRLRVYY,4.0,0.9164896607398988,1.508424162864685,4.0,4.0,1.2124569118022919,Anti-G-
RIQKYKIIAVFRY,4.0,1.3101762533187866,1.1783987283706665,4.0,4.0,1.2442874908447266,Anti-G-
RRLAYVLWSARIA,4.0,1.0997244119644165,1.10972261428833,4.0,4.0,1.1047235131263733,Anti-G-
RKKYKLLVSVKTL,4.0,0.7567753791809082,1.6770877838134766,4.0,4.0,1.2169315814971924,Anti-G-
RLILRQSKFRRVF,4.0,1.055966854095459,1.4977151155471802,4.0,4.0,1.2768409848213196,Anti-G-
MRKKFRVKYAWLG,4.0,1.0403393507003784,0.9930917620658876,4.0,4.0,1.016715556383133,Anti-G-
RKVRKWRVSASVA,4.0,1.139691948890686,1.4319475889205933,4.0,4.0,1.2858197689056396,Anti-G-
FKKWAKVAKGKVW,4.0,1.1909035444259644,1.2738951444625854,4.0,4.0,1.232399344444275,Anti-G-
RRLSAVRFAKKYY,4.0,1.134069800376892,0.9640740752220154,4.0,4.0,1.0490719377994537,Anti-G-
RKKAFLVARRYVS,4.0,1.2069473266601562,1.3716957569122314,4.0,4.0,1.2893215417861938,Anti-G-
KLKKQTKAVVKLF,4.0,1.1141023635864258,1.212915539741516,4.0,4.0,1.163508951663971,Anti-G-
RKLTARVARYLRT,4.0,1.2069228887557983,1.11276376247406,4.0,4.0,1.1598433256149292,Anti-G-
LKRIYKAAKKFWV,4.0,1.2968634366989136,1.058980941772461,4.0,4.0,1.1779221892356873,Anti-G-
RKKAAKAIYWKFA,4.0,1.3011949062347412,1.2833285331726074,4.0,4.0,1.2922617197036743,Anti-G-
VKKYKIKAKFFIY,4.0,1.0507017374038696,1.0948797464370728,4.0,4.0,1.0727907419204712,Anti-G-
VRKAAKKLWVKWF,4.0,1.1034971475601196,1.1471198797225952,4.0,4.0,1.1253085136413574,Anti-G-
RFLRVVRARYKYS,4.0,1.3402612209320068,1.1152929067611694,4.0,4.0,1.2277770638465881,Anti-G-
RGLQAKFKVRVIR,4.0,1.2924556732177734,1.300224781036377,4.0,4.0,1.2963402271270752,Anti-G-
AKKVAIKYKRWYW,4.0,0.877842903137207,1.4652339220046997,4.0,4.0,1.1715384125709534,Anti-G-
ARLTTKVGKIFRR,4.0,0.9543273448944092,1.0844310522079468,4.0,4.0,1.019379198551178,Anti-G-
TKLTARLQIAISV,4.0,0.9146096110343932,1.5133037567138672,4.0,4.0,1.2139566838741302,Anti-G-
KSVSRKAIVWMRF,4.0,0.9154525399208068,1.6454278230667114,4.0,4.0,1.2804401814937592,Anti-G-
RYKNLRITMRAFM,4.0,1.5083078145980835,0.9716019630432128,4.0,4.0,1.2399548888206482,Anti-G-
KLYKKKFAKVFFI,4.0,1.0257564783096311,0.7715487480163574,4.0,4.0,0.8986526131629943,Anti-G-
KKQFVYKVRLRLY,4.0,0.9066423177719116,1.600448489189148,4.0,4.0,1.2535454034805298,Anti-G-
IRVAFKLQARLTI,4.0,0.7295747995376587,1.160718321800232,4.0,4.0,0.9451465606689453,Anti-G-
KVIKKTKKLFLTL,4.0,1.5691752433776855,0.8811130523681641,4.0,4.0,1.2251441478729248,Anti-G-
AVKKYKKIWKFMF,4.0,1.3860617876052856,1.1007404327392578,4.0,4.0,1.2434011101722717,Anti-G-
RSVKKLKVKVSVF,4.0,1.156366229057312,1.3097317218780518,4.0,4.0,1.2330489754676819,Anti-G-
TKLKARVVKYWKF,4.0,0.9574971199035645,1.521493673324585,4.0,4.0,1.2394953966140747,Anti-G-
KAIKKAYRIWLYV,4.0,1.191306233406067,1.1010535955429075,4.0,4.0,1.1461799144744873,Anti-G-
KRLQKGFKLKVVL,4.0,0.7325933575630188,1.340001940727234,4.0,4.0,1.0362976491451263,Anti-G-
KSKKYVRVWALAL,4.0,1.1662967205047607,1.3110531568527222,4.0,4.0,1.2386749386787415,Anti-G-
KKLAKWLKKSLGG,4.0,1.184564471244812,1.3280476331710815,4.0,4.0,1.2563060522079468,Anti-G-
KALWKKVVKRVYG,4.0,1.2729157209396362,1.2193351984024048,4.0,4.0,1.2461254596710205,Anti-G-
KRLKIATRQVFGK,4.0,0.8972105979919434,1.4925528764724731,4.0,4.0,1.1948817372322083,Anti-G-
RSVKALFAKLVFR,4.0,1.412980079650879,1.1202199459075928,4.0,4.0,1.2666000127792358,Anti-G-
RKRALVFLTKFYR,4.0,0.969531238079071,1.471110224723816,4.0,4.0,1.2203207314014435,Anti-G-
ARKVAFKIWYVRR,4.0,0.727704644203186,1.2861884832382202,4.0,4.0,1.0069465637207031,Anti-G-
KRLVGKIWRGRFA,4.0,1.2335929870605469,1.364980697631836,4.0,4.0,1.2992868423461914,Anti-G-
KRLKVKAIYAFFK,4.0,0.8621139526367188,1.6132471561431885,4.0,4.0,1.2376805543899536,Anti-G-
SKSKLTKLVKKLI,4.0,1.0709121227264404,1.3673231601715088,4.0,4.0,1.2191176414489746,Anti-G-
KRFAAKIKLTFAS,4.0,1.115489840507507,1.44640851020813,4.0,4.0,1.2809491753578186,Anti-G-
AKKYLKAFKKLWW,4.0,1.0046135187149048,1.4689191579818726,4.0,4.0,1.2367663383483887,Anti-G-
KRIAYKWVRRGLV,4.0,1.2090860605239868,1.2429382801055908,4.0,4.0,1.2260121703147888,Anti-G-
LTKKIRRVLNKFL,4.0,1.164073824882507,1.0016956329345703,4.0,4.0,1.0828847289085388,Anti-G-
KQNKIKRVVKGLL,4.0,1.0322941541671753,1.242276668548584,4.0,4.0,1.1372854113578796,Anti-G-
KRKYQASIKRVFI,4.0,0.8887486457824707,1.314691185951233,4.0,4.0,1.1017199158668518,Anti-G-
YKQKLSKIIKKVL,4.0,1.2851178646087646,1.275342583656311,4.0,4.0,1.2802302241325378,Anti-G-
ARKKYKLYIAIRY,4.0,0.8047888875007629,1.7471710443496704,4.0,4.0,1.2759799659252167,Anti-G-
KKAYKLVRKFFMY,4.0,1.0214208364486694,1.0992631912231443,4.0,4.0,1.060342013835907,Anti-G-
RNRKAIAIFIRQY,4.0,1.1003962755203247,1.340060472488403,4.0,4.0,1.220228374004364,Anti-G-
KALKKGIKKLFYY,4.0,1.3467332124710083,0.9290482997894288,4.0,4.0,1.1378907561302185,Anti-G-
RKFIAKVRGRAFY,4.0,1.5930659770965576,0.831861674785614,4.0,4.0,1.2124638259410858,Anti-G-
KRKIRLQVNLFTK,4.0,1.09854257106781,1.2481322288513184,4.0,4.0,1.1733373999595642,Anti-G-
KRVVKLSKFFVTV,4.0,0.943591833114624,1.4587346315383911,4.0,4.0,1.2011632323265076,Anti-G-
KKKVLLIKSKSLF,4.0,1.0246106386184692,1.4621669054031372,4.0,4.0,1.2433887720108032,Anti-G-
KKKAYFLLRKWYV,4.0,0.9669892191886902,1.5542346239089966,4.0,4.0,1.2606119215488434,Anti-G-
ARLKKVYFIRLSW,4.0,1.1282075643539429,1.2279802560806274,4.0,4.0,1.1780939102172852,Anti-G-
KRSKKLFVRTVLF,4.0,1.1834436655044556,1.019653081893921,4.0,4.0,1.1015483736991882,Anti-G-
KSVAKKWVLKFFK,4.0,0.9450596570968628,1.1144965887069702,4.0,4.0,1.0297781229019165,Anti-G-
KKGKVKYVLKVIY,4.0,1.2198351621627808,1.2816121578216553,4.0,4.0,1.250723659992218,Anti-G-
RKVKRYVVVKGVY,4.0,1.300648808479309,1.048344969749451,4.0,4.0,1.1744968891143799,Anti-G-
KGLKAYLRLKYWK,4.0,1.143514633178711,1.179046869277954,4.0,4.0,1.1612807512283325,Anti-G-
RQVRRTVTIVIAS,4.0,0.9234585165977478,1.5693442821502686,4.0,4.0,1.2464013993740082,Anti-G-
RIIAAKLSFKVSL,4.0,1.0904390811920166,1.3143290281295776,4.0,4.0,1.2023840546607971,Anti-G-
KRIRKIAKYYFAY,4.0,1.5767197608947754,0.8212451338768005,4.0,4.0,1.198982447385788,Anti-G-
KMRLTAVFIRVGR,4.0,1.1672306060791016,1.4048925638198853,4.0,4.0,1.2860615849494934,Anti-G-
KKVWAIKAYRKIF,4.0,0.9801019430160522,1.4842299222946167,4.0,4.0,1.2321659326553345,Anti-G-
RRTNKLKISVVAL,4.0,0.8297297358512878,1.0826488733291626,4.0,4.0,0.9561893045902252,Anti-G-
KRRKGLRLQVTVA,4.0,0.7454254627227783,1.6653023958206177,4.0,4.0,1.205363929271698,Anti-G-
QGLKARIKVARGI,4.0,1.4115606546401978,1.0202380418777466,4.0,4.0,1.2158993482589722,Anti-G-
QKKFAGKVRKAIW,4.0,1.2028188705444336,1.31570303440094,4.0,4.0,1.2592609524726868,Anti-G-
KKLLAKIYGKWRY,4.0,1.090731859207153,1.1074727773666382,4.0,4.0,1.0991023182868958,Anti-G-
KRLSVKLSVVVQN,4.0,0.7459911704063416,1.192905068397522,4.0,4.0,0.9694481194019318,Anti-G-
KKIKAKIFRGWLG,4.0,1.2504664659500122,1.1326395273208618,4.0,4.0,1.191552996635437,Anti-G-
KRQIKFKVIVTGA,4.0,0.9548031687736512,1.6258083581924438,4.0,4.0,1.2903057634830475,Anti-G-
QRIVAKLRFATVY,4.0,1.243015170097351,1.0871747732162476,4.0,4.0,1.1650949716567993,Anti-G-
VQRIKLLAITRFL,4.0,1.2745269536972046,1.127022624015808,4.0,4.0,1.2007747888565063,Anti-G-
KKWAAKLAYRVIN,4.0,1.3736692667007446,1.198454976081848,4.0,4.0,1.2860621213912964,Anti-G-
RGVKYMRLTVRIK,4.0,0.4048041403293609,1.957939624786377,4.0,4.0,1.181371882557869,Anti-G-
KKKAYRIFAKWVA,4.0,1.2051230669021606,1.2386418581008911,4.0,4.0,1.2218824625015259,Anti-G-
QKIKLRVGKGFLR,4.0,0.742296576499939,1.723431944847107,4.0,4.0,1.232864260673523,Anti-G-
KKTIYVKLKTFLR,4.0,0.6132844090461731,1.7304590940475464,4.0,4.0,1.1718717515468597,Anti-G-
RRVTRGLKKGVFL,4.0,0.9965895414352416,0.9687617421150208,4.0,4.0,0.9826756417751312,Anti-G-
KKKAKYYKVIFIA,4.0,0.9219859838485718,1.5561530590057373,4.0,4.0,1.2390695214271545,Anti-G-
IKVSKKAFKAWVF,4.0,1.056240439414978,1.4970773458480835,4.0,4.0,1.2766588926315308,Anti-G-
KKWRKTIRAIYAA,4.0,0.9273346662521362,1.415091037750244,4.0,4.0,1.1712128520011902,Anti-G-
RLRKKGRVVWVSI,4.0,1.1570039987564087,1.1138535737991333,4.0,4.0,1.135428786277771,Anti-G-
RKKLYVRYRGYLA,4.0,1.185799241065979,1.368674635887146,4.0,4.0,1.2772369384765625,Anti-G-
KGAKKIGFKVVFK,4.0,0.8429110050201416,1.4406752586364746,4.0,4.0,1.141793131828308,Anti-G-
KGVFAKLRKIKFY,4.0,1.4820197820663452,0.9707737565040588,4.0,4.0,1.226396769285202,Anti-G-
IKKTAKKVYKAFW,4.0,1.0708298683166504,1.233465313911438,4.0,4.0,1.1521475911140442,Anti-G-
KISKKWVRLALGL,4.0,0.8520846366882324,1.3341162204742432,4.0,4.0,1.0931004285812378,Anti-G-
RSVKYVRMGVKFK,4.0,1.207023024559021,1.3850082159042358,4.0,4.0,1.2960156202316284,Anti-G-
KKKIKVKAAIYFT,4.0,1.083112716674805,1.278637170791626,4.0,4.0,1.1808749437332153,Anti-G-
KRAKKFILVSVYW,4.0,1.035869598388672,1.165363907814026,4.0,4.0,1.100616753101349,Anti-G-
KGGFKALMRAVLS,4.0,1.0839236974716189,1.334985375404358,4.0,4.0,1.2094545364379883,Anti-G-
RRLTMKGFAGIIR,4.0,0.8813195824623108,0.9755117297172546,4.0,4.0,0.9284156560897827,Anti-G-
KGIKKKLLVTRQL,4.0,0.6700588464736938,1.456367254257202,4.0,4.0,1.063213050365448,Anti-G-
RKYAMKIKLKAWY,4.0,1.1811919212341309,1.3528403043746948,4.0,4.0,1.2670161128044128,Anti-G-
KLKSYRLIIARFR,4.0,0.7825186848640442,1.720348238945007,4.0,4.0,1.2514334619045258,Anti-G-
RLVARYKVRFLFA,4.0,1.2133995294570925,1.289223074913025,4.0,4.0,1.2513113021850586,Anti-G-
RKKLSLVLSVNRV,4.0,1.120437502861023,1.3949793577194214,4.0,4.0,1.2577084302902222,Anti-G-
KKKAVKILYRAFF,4.0,1.3497034311294556,0.9574323296546936,4.0,4.0,1.1535678803920746,Anti-G-
RIKWVKKARAYVF,4.0,1.4696944952011108,0.965116024017334,4.0,4.0,1.2174052596092224,Anti-G-
QSRYKVLVRAVRL,4.0,1.0797837972640991,1.291655659675598,4.0,4.0,1.1857197284698486,Anti-G-
RMGRKYVVKVVYK,4.0,1.1502827405929563,1.2239021062850952,4.0,4.0,1.1870924234390259,Anti-G-
LSLKAKLSIRIGR,4.0,0.735871434211731,1.8607932329177856,4.0,4.0,1.2983323335647583,Anti-G-
RKIKKLTLSAKFM,4.0,1.294594407081604,1.0982152223587036,4.0,4.0,1.1964048147201538,Anti-G-
LKIKLKIYGKGKF,4.0,1.1068843603134155,1.3152211904525757,4.0,4.0,1.2110527753829956,Anti-G-
KQSIKIKIKGKLF,4.0,1.0477205514907837,1.378257393836975,4.0,4.0,1.2129889726638794,Anti-G-
KRLKRKYYVLFAY,4.0,1.104409098625183,1.2062277793884275,4.0,4.0,1.1553184390068054,Anti-G-
RIRAASFMTRRIF,4.0,1.4749315977096558,1.0537588596343994,4.0,4.0,1.2643452286720276,Anti-G-
VRKYKLKLVKLFY,4.0,1.1411967277526855,1.012836217880249,4.0,4.0,1.0770164728164673,Anti-G-
KKIGKYLRVTWRV,4.0,0.6813764572143555,1.5165866613388062,4.0,4.0,1.0989815592765808,Anti-G-
KRKWRTLKAGYVV,4.0,1.333437442779541,1.162427544593811,4.0,4.0,1.247932493686676,Anti-G-
FAKKYKKLVKYFL,4.0,1.3274476528167725,1.107430338859558,4.0,4.0,1.2174389958381653,Anti-G-
KGLRFFMRKAVYR,4.0,1.106900334358215,1.4186373949050903,4.0,4.0,1.2627688646316528,Anti-G-
KSKLALIIKGIWR,4.0,0.8146615624427795,1.35171639919281,4.0,4.0,1.0831889808177948,Anti-G-
RKMGVRAIIKYGL,4.0,0.8980604410171509,1.5375665426254272,4.0,4.0,1.217813491821289,Anti-G-
IKLRVKVKYGLKY,4.0,1.0122495889663696,1.575764298439026,4.0,4.0,1.2940069437026978,Anti-G-
KKKAWYIVAKYAI,4.0,1.0512499809265137,1.5475250482559204,4.0,4.0,1.299387514591217,Anti-G-
KKKVKIYWKALSL,4.0,1.041064739227295,1.4794787168502808,4.0,4.0,1.2602717280387878,Anti-G-
KKVSLRIVRTLRF,4.0,0.8123599290847778,1.681714415550232,4.0,4.0,1.2470371723175049,Anti-G-
RLKKVLKGTFTRV,4.0,1.086281657218933,0.9908828139305116,4.0,4.0,1.0385822355747223,Anti-G-
KRFKLLKQARFIV,4.0,1.3071894645690918,1.2573294639587402,4.0,4.0,1.282259464263916,Anti-G-
KGGKVKKKIVYLL,4.0,1.1954998970031738,1.3300877809524536,4.0,4.0,1.2627938389778137,Anti-G-
KKLKKVYRWAAYV,4.0,1.2890911102294922,1.1107052564620972,4.0,4.0,1.1998981833457947,Anti-G-
RLQLKTKVAIKLS,4.0,1.0051162242889404,1.510067582130432,4.0,4.0,1.2575919032096863,Anti-G-
KKLKALLRGWIQS,4.0,1.3546313047409058,1.0940992832183838,4.0,4.0,1.2243652939796448,Anti-G-
RRIKISLTTKVKS,4.0,0.788752555847168,1.7709578275680542,4.0,4.0,1.279855191707611,Anti-G-
RRVAKWYRVSVRS,4.0,1.1955864429473877,1.1700150966644287,4.0,4.0,1.1828007698059082,Anti-G-
KRVAIKYNVAYWV,4.0,1.0099540948867798,1.5275123119354248,4.0,4.0,1.2687332034111023,Anti-G-
YRKAAKLWAKRIF,4.0,1.1302659511566162,1.2872101068496704,4.0,4.0,1.2087380290031433,Anti-G-
KRLTAFAKKIFLY,4.0,1.094021916389465,1.043926239013672,4.0,4.0,1.0689740777015686,Anti-G-
LKLKTKYKFTLVI,4.0,1.1128880977630615,1.392622947692871,4.0,4.0,1.2527555227279663,Anti-G-
RKVIALKAVKWFQ,4.0,1.0155688524246216,1.537792086601257,4.0,4.0,1.2766804695129395,Anti-G-
KRVKGFQRVLVGK,4.0,1.252803087234497,1.3077248334884644,4.0,4.0,1.2802639603614807,Anti-G-
KRYKKSIRAVLVW,4.0,0.8211623430252075,1.3454530239105225,4.0,4.0,1.083307683467865,Anti-G-
MRAKKLIRKVFGQ,4.0,1.0805718898773191,1.1154128313064575,4.0,4.0,1.0979923605918884,Anti-G-
IKKAVKGIKLFFK,4.0,0.9002900123596191,1.383492350578308,4.0,4.0,1.1418911814689636,Anti-G-
KGLRIKVASRYFR,4.0,1.0740150213241575,1.5002590417861938,4.0,4.0,1.2871370315551758,Anti-G-
KLLKKKKFAYFYM,4.0,1.3869065046310425,1.0189765691757202,4.0,4.0,1.2029415369033813,Anti-G-
KKVKRKYLVWAYA,4.0,0.8661531209945679,1.3259445428848269,4.0,4.0,1.0960488319396973,Anti-G-
QTKKIAVKILFRR,4.0,0.8963040113449097,1.4958966970443726,4.0,4.0,1.1961003541946411,Anti-G-
RKKLAVRITGSLK,4.0,0.9146703481674194,1.5693858861923218,4.0,4.0,1.2420281171798706,Anti-G-
RVGLKYRVKVSYL,4.0,0.8978586196899414,1.6083428859710691,4.0,4.0,1.2531007528305054,Anti-G-
RKKKYITLSVAAR,4.0,0.782051682472229,1.4433099031448364,4.0,4.0,1.1126807928085327,Anti-G-
KAKYKLWVKAAFV,4.0,1.058663845062256,1.4864091873168943,4.0,4.0,1.2725365161895752,Anti-G-
KKVVVKGVRKIFG,4.0,1.3880068063735962,1.2051934003829956,4.0,4.0,1.296600103378296,Anti-G-
AKKIAWKVLRFWR,4.0,0.8162813186645508,1.4780759811401367,4.0,4.0,1.1471786499023438,Anti-G-
WSVVRRVMKGVYR,4.0,1.458274483680725,1.063957691192627,4.0,4.0,1.261116087436676,Anti-G-
KKKVLKFSVAVYY,4.0,0.9472647905349731,1.5019434690475464,4.0,4.0,1.2246041297912598,Anti-G-
QRLALKLNVQLLR,4.0,1.1529256105422974,1.2101556062698364,4.0,4.0,1.181540608406067,Anti-G-
LKKAVKWVYARFK,4.0,1.0186790227890017,1.4240540266036987,4.0,4.0,1.22136652469635,Anti-G-
KRFKAYVMRVSIR,4.0,0.9761931896209716,1.351890206336975,4.0,4.0,1.1640416979789734,Anti-G-
KKISARVVYRLFR,4.0,1.118342399597168,1.42145836353302,4.0,4.0,1.269900381565094,Anti-G-
YQLKMKLRVKTYL,4.0,0.6355627775192261,1.74591326713562,4.0,4.0,1.190738022327423,Anti-G-
KKFKAIAKKYFLI,4.0,1.3956315517425537,1.079301357269287,4.0,4.0,1.2374664545059204,Anti-G-
KKYAKYRWAIKVV,4.0,0.9917094707489014,1.418255090713501,4.0,4.0,1.2049822807312012,Anti-G-
RKLTVTVLVSLSK,4.0,1.1296049356460571,1.1965142488479614,4.0,4.0,1.1630595922470093,Anti-G-
KKLGYKIKVKTFL,4.0,0.7278666496276855,1.8683899641036987,4.0,4.0,1.2981283068656921,Anti-G-
RRFRAIYAKVYAK,4.0,1.2775977849960327,1.264485001564026,4.0,4.0,1.2710413932800293,Anti-G-
RYKKYKVFAIKYA,4.0,1.3057183027267456,1.1800180673599243,4.0,4.0,1.242868185043335,Anti-G-
VRKVYRKLWKAAY,4.0,1.504319190979004,1.085210204124451,4.0,4.0,1.2947646975517273,Anti-G-
AFLKRITRKIYGR,4.0,1.459519386291504,0.8019872903823853,4.0,4.0,1.1307533383369446,Anti-G-
RRVTKKVKAFLGI,4.0,1.1303595304489136,1.3407715559005735,4.0,4.0,1.2355655431747437,Anti-G-
SKGLYAKIKKLFR,4.0,1.2960275411605835,1.214330554008484,4.0,4.0,1.2551790475845337,Anti-G-
RRVLSRVVQGVTR,4.0,1.2110750675201416,1.032716155052185,4.0,4.0,1.1218956112861633,Anti-G-
RQLKLKIVFAKNF,4.0,1.2237871885299685,1.110132336616516,4.0,4.0,1.1669597625732422,Anti-G-
KKIKIYVSRKWAI,4.0,1.000923752784729,1.410605788230896,4.0,4.0,1.2057647705078125,Anti-G-
KRFYVLMARRYSL,4.0,1.2639647722244265,1.3259557485580444,4.0,4.0,1.2949602603912354,Anti-G-
KKVRRWLNKLYAG,4.0,1.5146081447601318,1.0157018899917605,4.0,4.0,1.265155017375946,Anti-G-
KGLKSSVKLRLFR,4.0,0.8059269785881042,1.6818217039108276,4.0,4.0,1.243874341249466,Anti-G-
RMKIKLFAKKYFV,4.0,1.2693933248519895,1.1114782094955444,4.0,4.0,1.190435767173767,Anti-G-
KLSVKAKTLLLTR,4.0,0.7962522506713867,1.7016152143478394,4.0,4.0,1.248933732509613,Anti-G-
KKVFKLKYAAKYY,4.0,1.2009671926498413,1.3348679542541504,4.0,4.0,1.2679175734519958,Anti-G-
RGLKLARRVKYGG,4.0,1.150938868522644,1.4039362668991089,4.0,4.0,1.2774375677108765,Anti-G-
LTKKVKGIVRKFF,4.0,1.1476598978042605,0.9302874207496644,4.0,4.0,1.0389736592769625,Anti-G-
LTKKVKGIVRKFF,4.0,1.1476598978042605,0.9302874207496644,4.0,4.0,1.0389736592769625,Anti-G-
LTKKVKGIVRKFF,4.0,1.1476598978042605,0.9302874207496644,4.0,4.0,1.0389736592769625,Anti-G-
LTKKVKGIVRKFF,4.0,1.1476598978042605,0.9302874207496644,4.0,4.0,1.0389736592769625,Anti-G-
RLKGKKMYLKLYG,4.0,0.7568577527999878,1.2821751832962036,4.0,4.0,1.0195164680480957,Anti-G-
RLKGKKMYLKLYG,4.0,0.7568577527999878,1.2821751832962036,4.0,4.0,1.0195164680480957,Anti-G-
RLKGKKMYLKLYG,4.0,0.7568577527999878,1.2821751832962036,4.0,4.0,1.0195164680480957,Anti-G-
RLKGKKMYLKLYG,4.0,0.7568577527999878,1.2821751832962036,4.0,4.0,1.0195164680480957,Anti-G-
KKLTRAVWRKLFA,4.0,1.2464920282363892,1.32124924659729,4.0,4.0,1.2838706374168396,Anti-G-
KKLTRAVWRKLFA,4.0,1.2464920282363892,1.32124924659729,4.0,4.0,1.2838706374168396,Anti-G-
KKLTRAVWRKLFA,4.0,1.2464920282363892,1.32124924659729,4.0,4.0,1.2838706374168396,Anti-G-
KKLTRAVWRKLFA,4.0,1.2464920282363892,1.32124924659729,4.0,4.0,1.2838706374168396,Anti-G-
VYKKYLKAARRLF,4.0,1.073928713798523,1.373139500617981,4.0,4.0,1.223534107208252,Anti-G-
KVLKKWLARVTFR,4.0,1.3799608945846558,1.0732007026672363,4.0,4.0,1.226580798625946,Anti-G-
ARLKKYVKAVFWK,4.0,1.5025898218154907,1.0062451362609863,4.0,4.0,1.2544174790382385,Anti-G-
RGLMKKVVKKYLG,4.0,1.5098329782485962,0.6520856022834778,4.0,4.0,1.080959290266037,Anti-G-
KKTIRIILAQYAF,4.0,1.263351321220398,1.2341294288635254,4.0,4.0,1.2487403750419617,Anti-G-
RRVKRKQTVVIGV,4.0,1.0068787336349487,0.9966845512390136,4.0,4.0,1.0017816424369812,Anti-G-
RRYAKKYAVRVYV,4.0,0.9611773490905762,1.338430643081665,4.0,4.0,1.1498039960861206,Anti-G-
RRRKVQVIVGATG,4.0,1.1738178730010986,1.308555245399475,4.0,4.0,1.2411865592002869,Anti-G-
KRGYRLRVKYVVN,4.0,0.6392873525619507,1.625325083732605,4.0,4.0,1.1323062181472778,Anti-G-
YKFALKKVKKFFI,4.0,1.3312535285949707,1.2026249170303345,4.0,4.0,1.2669392228126526,Anti-G-
KSIRRVRKVWTVT,4.0,1.2879925966262815,1.1708135604858398,4.0,4.0,1.2294030785560608,Anti-G-
RMKKYKFRIAAFM,4.0,1.5411688089370728,0.9642370343208312,4.0,4.0,1.252702921628952,Anti-G-
RVLRAKITYKVWV,4.0,0.8568583130836487,1.349528431892395,4.0,4.0,1.1031933724880219,Anti-G-
RKLKAFKLIAVYS,4.0,1.1924962997436523,1.3676527738571167,4.0,4.0,1.2800745368003845,Anti-G-
RYSKKYVKVRIAL,4.0,0.5239042043685913,1.8041415214538572,4.0,4.0,1.1640228629112244,Anti-G-
RKMRSKYGIRAVF,4.0,0.7635147571563721,1.3747320175170898,4.0,4.0,1.069123387336731,Anti-G-
KRLAKKTAVYYWV,4.0,1.3243408203125,1.1277936697006226,4.0,4.0,1.2260672450065613,Anti-G-
TRAARKWLGVFRR,4.0,1.0576990842819214,1.501494288444519,4.0,4.0,1.2795966863632202,Anti-G-
KKMYTKVAVRFYR,4.0,0.974574089050293,1.3681151866912842,4.0,4.0,1.1713446378707886,Anti-G-
QKKRTVVVLIRKY,4.0,0.9159265160560608,1.3449180126190186,4.0,4.0,1.1304222643375397,Anti-G-
RRKVVSIVLGRRY,4.0,1.0174237489700315,1.3214325904846191,4.0,4.0,1.1694281697273254,Anti-G-
RKLKALGIKGLLG,4.0,1.149491786956787,1.2280210256576538,4.0,4.0,1.1887564063072205,Anti-G-
LFAKWRKAARKYV,4.0,1.5255457162857056,0.9883127808570862,4.0,4.0,1.2569292485713959,Anti-G-
KKLMAIKGMRWMY,4.0,1.2453478574752808,1.3471992015838623,4.0,4.0,1.2962735295295715,Anti-G-
LKKVAKKWLKFYL,4.0,1.0875123739242554,1.2481677532196045,4.0,4.0,1.16784006357193,Anti-G-
VKKALRKFRAFLW,4.0,1.1857041120529177,1.2364720106124878,4.0,4.0,1.2110880613327026,Anti-G-
RYKKQKVVRVFLS,4.0,0.8743999004364014,1.3479689359664917,4.0,4.0,1.1111844182014465,Anti-G-
RKLGVKLRVTRVQ,4.0,0.8155795335769653,1.5140589475631714,4.0,4.0,1.1648192405700684,Anti-G-
RKIAYLTRKVFLL,4.0,1.1680169105529783,0.8117944598197937,4.0,4.0,0.989905685186386,Anti-G-
YKKIKFAKVKWTL,4.0,0.9284555912017822,1.64813494682312,4.0,4.0,1.2882952690124512,Anti-G-
KATFKVKIRKLSW,4.0,0.5707038044929504,1.7617920637130735,4.0,4.0,1.166247934103012,Anti-G-
IRLKAVLRGKRYF,4.0,1.1980656385421753,1.1299329996109009,4.0,4.0,1.163999319076538,Anti-G-
RKISIRLRTGVLA,4.0,1.0554161071777344,1.5300687551498413,4.0,4.0,1.2927424311637878,Anti-G-
QRSLSVKLRKALF,4.0,1.1342346668243408,1.1244182586669922,4.0,4.0,1.1293264627456665,Anti-G-
RLYVAARVIKYKY,4.0,1.15855610370636,1.2495352029800415,4.0,4.0,1.2040456533432007,Anti-G-
RRLAAKGARYVTM,4.0,1.0443732738494873,1.3323874473571775,4.0,4.0,1.1883803606033325,Anti-G-
RGLKITVQKALFR,4.0,0.7891126275062561,1.6026300191879272,4.0,4.0,1.1958713233470917,Anti-G-
VKKVAKGWIKKWM,4.0,1.2781840562820437,1.2303805351257324,4.0,4.0,1.254282295703888,Anti-G-
KGKLQKIVFKYIR,4.0,1.123775601387024,1.0184671878814695,4.0,4.0,1.0711213946342468,Anti-G-
KKLTRIKARWFLT,4.0,0.995124101638794,1.292691349983215,4.0,4.0,1.1439077258110046,Anti-G-
KALSMKLWAKFRY,4.0,0.8697910904884338,1.7068942785263062,4.0,4.0,1.28834268450737,Anti-G-
KKYKRAIYVRASF,4.0,0.8359776735305786,1.6867755651474,4.0,4.0,1.2613766193389893,Anti-G-
KVKKWAKVLFKSY,4.0,1.2887154817581177,1.24759840965271,4.0,4.0,1.2681569457054138,Anti-G-
LAKKKFKWVAKFL,4.0,0.9685806035995485,1.576479196548462,4.0,4.0,1.2725299000740051,Anti-G-
KKYAKRVILIYYR,4.0,0.9019393920898438,1.6388510465621948,4.0,4.0,1.2703952193260193,Anti-G-
KKTRKSLIVSLTL,4.0,0.7679162621498108,1.773834228515625,4.0,4.0,1.270875245332718,Anti-G-
YKKLAYRYARKIF,4.0,1.0174051523208618,1.5235031843185425,4.0,4.0,1.2704541683197021,Anti-G-
RKYKQALSLRLAI,4.0,0.5133172273635864,1.6990185976028442,4.0,4.0,1.1061679124832153,Anti-G-
